90004d66
90329d20
90249d117
90052d36
90286d79
90349d65
90138d42
90089d29
90229d51
90242d19
90153d74
90059d70
90004d145
90189d3
90348d50
90367d58
90221d39
90051d10
90133d89
90347d22
90199d52
90035d8
90040d11
90242d43
90322d32
90055d48
90027d53
90327d14
90022d133
90058d32
90195d72
90022d201
90032d11
90054d36
90081d32
90243d38
90285d32
90402d22
90062d45
90077d66
90221d76
90199d40
90110d46
90275d16
90064d30
90376d22
90217d41
90022d100
90045d33
90286d84
90174d11
90262d71
90028d98
90327d23
90242d3
90153d103
90153d67
90270d16
90022d9
90174d78
90305d42
90008d136
90072d69
90082d185
90121d31
90027d32
90113d78
90418d25
90314d20
90237d52
90053d9
90258d39
90074d6
90160d77
90348d57
90432d17
90078d71
90253d35
90202d47
90334d15
90258d40
90284d45
90387d29
90071d31
90045d13
90049d91
90047d34
90208d35
90080d45
90358d31
90035d12
90081d90
90423d20
90054d67
90221d78
90093d43
90349d23
90265d19
90119d30
90028d7
90238d31
90416d17
90259d52
90104d124
90369d29
90347d19
90014d36
90358d16
90081d8
90221d53
90249d65
90125d62
90297d33
90405d22
90450d35
90151d68
90094d7
90321d22
90302d25
90075d138
90217d27
90269d4
90154d9
90301d32
90149d9
90015d31
90257d51
90121d28
90260d62
90133d50
90198d58
90304d35
90433d35
90040d52
90394d25
90289d25
90075d66
90093d69
90093d72
90381d21
90288d38
90108d32
90300d42
90317d15
90054d32
90076d46
90113d26
90052d36
90421d50
90126d29
90452d35
90053d48
90075d124
90415d25
90006d50
90298d18
90079d72
90095d33
90138d5
90035d32
90076d77
90058d10
90219d107
90255d73
90410d32
90031d210
90057d36
90266d37
90050d11
90048d10
90138d4
90332d38
90100d7
90056d33
90025d10
90022d10
90343d24
90053d32
90218d12
90132d9
90242d55
90266d50
90395d20
90245d3
90164d134
90028d105
90098d45
90382d25
90093d46
90034d32
90053d50
90346d23
90123d33
90131d5
90049d77
90031d132
90031d195
90190d12
90047d74
90097d208
90257d50
90252d108
90098d138
90132d139
90253d11
90255d49
90183d18
90042d7
90154d94
90171d12
90394d22
90394d31
90245d42
90313d20
90075d48
90220d27
90439d22
90414d35
90357d14
90154d96
90331d43
90346d16
90016d31
90443d30
90099d74
90040d9
90155d9
90289d43
90148d48
90251d11
90164d12
90081d144
90154d46
90329d17
90006d48
90041d33
90262d60
90271d31
90216d41
90049d102
90080d69
90118d4
90074d4
90448d17
90111d67
90078d68
90436d35
90132d66
90165d78
90242d54
90298d28
90066d69
90262d26
90119d29
90439d13
90096d196
90012d10
90270d48
90054d100
90034d46
90175d74
90293d14
90093d126
90449d32
90118d74
90126d7
90060d34
90132d65
90097d176
90055d96
90163d18
90078d45
90021d8
90022d8
90093d138
90021d208
90119d9
90389d13
90254d12
90126d81
90026d36
90222d75
90253d103
90364d23
90048d149
90127d79
90161d67
90051d33
90114d104
90379d15
90046d10
90439d35
90051d34
90175d4
90275d26
90056d74
90072d68
90094d28
90454d40
90088d72
90269d50
90049d139
90198d32
90005d4
90006d76
90220d18
90331d11
90439d15
90410d15
90081d15
90415d17
90163d11
90223d76
90133d77
90110d26
90257d19
90034d75
90335d15
90195d45
90048d150
90286d22
90319d17
90230d112
90463d32
90059d32
90152d72
90216d18
90206d12
90061d54
90051d35
90055d70
90128d30
90464d30
90274d50
90242d36
90262d38
90251d50
90097d71
90132d89
90097d125
90442d24
90197d3
90039d8
90097d40
90048d73
90021d12
90248d47
90259d42
90262d59
90005d100
90197d77
90245d18
90087d66
90423d35
90200d26
90405d32
90330d16
90053d47
90474d20
90172d4
90382d15
90263d4
90256d66
90127d5
90104d63
90206d49
90449d15
90095d31
90418d35
90421d25
90465d28
90249d76
90096d214
90097d44
90231d42
90315d27
90005d11
90208d64
90342d25
90260d97
90090d28
90005d122
90197d73
90153d72
90104d22
90081d121
90171d50
90218d101
90007d2
90119d33
90267d47
90329d19
90127d33
90448d40
90264d47
90427d27
90030d12
90124d6
90047d35
90033d35
90289d38
90411d32
90198d6
90390d24
90264d59
90410d40
90245d12
90133d111
90366d12
90081d156
90151d71
90427d36
90286d29
90418d42
90153d75
90086d30
90266d47
90174d70
90209d41
90004d53
90048d35
90327d30
90147d97
90048d152
90375d25
90087d70
90154d47
90201d36
90432d37
90314d32
90249d54
90312d32
90262d19
90024d51
90165d53
90170d48
90307d17
90280d45
90303d25
90380d19
90096d85
90249d41
90470d22
90442d39
90109d30
90256d26
90264d71
90466d25
90198d48
90106d4
90190d41
90327d28
90253d105
90098d97
90101d89
90353d29
90274d52
90209d51
90331d41
90426d40
90163d73
90127d31
90054d66
90043d35
90256d64
90005d104
90105d5
90153d104
90207d4
90351d21
90132d99
90401d27
90371d17
90065d31
90174d43
90153d34
90245d40
90027d73
90007d49
90138d102
90239d47
90255d41
90124d29
90146d6
90004d93
90005d135
90314d27
90093d96
90019d36
90136d29
90134d29
90229d3
90184d71
90383d62
90004d133
90217d42
90146d5
90331d46
90231d38
90424d27
90004d8
90085d28
90024d48
90199d11
90189d26
90148d101
90209d77
90145d4
90004d1
90004d10
90043d11
90355d13
90133d86
90221d41
90317d20
90209d11
90374d17
90449d30
90208d37
90075d118
90465d13
90138d30
90464d22
90013d12
90267d72
90007d70
90119d59
90021d74
90135d32
90028d55
90081d154
90012d12
90252d52
90264d62
90440d40
90438d42
90256d65
90475d25
90153d77
90075d47
90062d4
90231d49
90053d10
90004d5
90046d8
90040d32
90107d26
90039d36
90231d60
90332d35
90259d51
90224d69
90413d27
90470d17
90056d32
90135d28
90062d7
90004d7
90093d5
90104d5
90244d72
90051d46
90436d22
90022d35
90058d7
90432d22
90347d17
90416d22
90330d49
90005d12
90243d41
90058d11
90443d25
90447d35
90465d25
90299d27
90086d43
90198d56
90423d40
90153d12
90252d116
90184d77
90440d22
90081d82
90122d8
90048d7
90058d9
90013d11
90189d11
90435d22
90126d50
90165d128
90254d33
90170d11
90263d71
90201d3
90375d31
90411d40
90433d15
90148d6
90294d20
90231d62
90113d76
90138d116
90348d60
90171d47
90126d105
90225d61
90423d42
90437d30
90004d34
90361d18
90198d55
90038d32
90471d27
90075d46
90081d191
90473d32
90209d53
90348d28
90032d100
90161d69
90114d30
90063d68
90427d16
90105d87
90363d17
90006d6
90036d36
90417d35
90097d83
90197d71
90345d28
90076d107
90024d8
90410d42
90021d122
90473d25
90263d60
90189d75
90263d12
90388d19
90081d89
90182d76
90074d64
90044d7
90333d14
90126d91
90420d35
90439d11
90052d31
90313d17
90326d28
90434d35
90097d84
90146d43
90257d42
90028d8
90300d37
90056d48
90040d54
90195d51
90197d50
90096d191
90450d40
90063d67
90171d37
90114d80
90020d34
90122d5
90139d134
90285d30
90474d17
90042d36
90134d33
90152d70
90220d75
90133d145
90132d75
90110d56
90475d20
90015d10
90463d25
90365d15
90418d40
90219d39
90133d75
90266d12
90199d51
90421d15
90074d44
90313d30
90252d11
90336d23
90126d79
90059d36
90150d68
90131d76
90023d35
90061d32
90206d47
90334d28
90082d117
90302d27
90148d111
90201d35
90098d144
90164d124
90021d193
90087d67
90105d73
90054d73
90257d74
90284d50
90026d10
90124d68
90415d47
90097d28
90059d3
90426d22
90024d47
90104d29
90105d72
90433d40
90290d47
90094d4
90093d116
90195d39
90154d42
90163d77
90017d34
90344d18
90244d11
90154d66
90041d31
90454d25
90222d53
90064d71
90231d12
90165d121
90164d26
90133d51
90430d35
90163d39
90289d20
90082d180
90032d185
90165d11
90418d47
90445d40
90224d12
90219d111
90349d33
90152d69
90428d27
90147d45
90040d35
90414d37
90195d52
90147d109
90130d32
90097d123
90130d110
90301d17
90059d34
90190d76
90075d69
90243d26
90119d66
90041d71
90345d30
90262d6
90007d3
90267d35
90135d7
90249d117
90004d101
90397d17
90255d50
90471d25
90101d6
90114d68
90004d88
90402d27
90460d27
90390d29
90197d61
90243d4
90081d141
90253d93
90263d3
90380d24
90096d149
90059d7
90085d69
90014d11
90041d35
90024d69
90333d49
90076d62
90320d32
90447d42
90297d13
90269d3
90427d25
90198d37
90416d47
90128d9
90081d153
90076d61
90124d61
90131d51
90013d10
90005d155
90174d40
90040d7
90161d70
90068d69
90423d16
90005d9
90445d22
90036d34
90049d9
90305d35
90452d17
90411d20
90417d22
90078d69
90109d29
90006d47
90286d34
90082d182
90170d38
90011d35
90014d77
90082d142
90230d61
90183d60
90132d74
90105d21
90175d19
90138d89
90258d12
90012d7
90245d49
90200d51
90348d21
90281d41
90230d12
90022d34
90067d71
90075d136
90071d8
90145d8
90163d68
90031d9
90350d24
90170d71
90326d25
90284d20
90027d7
90408d27
90098d89
90343d29
90266d3
90104d7
90104d38
90209d4
90209d72
90206d19
90081d104
90206d59
90182d77
90424d42
90231d109
90075d31
90415d27
90292d35
90367d49
90199d41
90255d72
90146d9
90098d136
90170d41
90269d12
90287d89
90040d34
90081d130
90030d54
90149d30
90289d18
90342d20
90466d28
90380d14
90323d15
90021d203
90259d54
90006d31
90053d74
90099d67
90278d47
90118d63
90290d52
90036d8
90066d43
90153d99
90064d70
90069d30
90099d70
90141d47
90022d11
90082d190
90252d111
90098d124
90061d55
90036d7
90348d47
90136d30
90454d17
90198d59
90242d12
90249d51
90098d90
90018d32
90081d129
90055d69
90195d70
90066d67
90133d113
90218d76
90411d15
90056d9
90138d142
90082d124
90082d44
90025d35
90368d52
90069d46
90184d66
90097d63
90144d67
90436d30
90356d12
90146d101
90446d30
90289d40
90289d23
90153d102
90026d7
90018d35
90048d116
90222d27
90004d135
90116d30
90068d43
90114d38
90427d40
90197d39
90069d70
90432d25
90287d27
90342d28
90132d30
90271d19
90165d116
90474d30
90222d77
90207d35
90024d72
90388d12
90263d72
90411d25
90077d29
90074d60
90130d99
90368d62
90096d127
90126d6
90160d51
90445d32
90362d17
90010d53
90360d27
90116d31
90464d15
90196d63
90410d20
90060d75
90076d76
90244d27
90025d32
90203d27
90199d37
90114d67
90075d103
90252d3
90175d69
90470d27
90049d83
90056d31
90255d4
90236d11
90265d74
90182d78
90042d32
90098d6
90471d32
90110d21
90021d54
90216d4
90350d14
90292d15
90058d36
90012d32
90283d54
90035d76
90195d54
90075d137
90221d26
90076d108
90154d109
90216d19
90206d36
90353d14
90197d36
90132d112
90164d104
90368d22
90097d7
90099d118
90269d37
90174d76
90005d159
90414d45
90321d20
90464d27
90349d53
90109d31
90316d27
90218d27
90106d22
90125d64
90064d78
90133d110
90189d66
90284d25
90197d26
90415d52
90290d17
90132d50
90127d74
90061d59
90316d25
90152d67
90062d69
90203d49
90265d71
90114d91
90464d32
90273d17
90122d28
90165d39
90074d5
90048d70
90076d64
90200d41
90015d33
90113d27
90315d17
90080d67
90093d70
90005d36
90261d104
90222d64
90248d40
90026d12
90331d48
90309d22
90335d25
90098d68
90054d49
90369d14
90257d12
90184d64
90370d17
90034d49
90430d40
90245d36
90097d6
90064d77
90286d37
90127d30
90096d86
90005d73
90040d10
90283d49
90218d54
90285d52
90052d75
90257d52
90010d7
90069d68
90147d107
90096d186
90039d31
90034d31
90312d30
90470d25
90105d37
90174d65
90244d26
90036d12
90353d19
90163d71
90195d17
90287d52
90404d22
90216d26
90411d35
90405d25
90021d94
90270d38
90029d134
90358d29
90229d41
90154d31
90105d25
90022d209
90031d131
90065d68
90248d60
90177d3
90029d135
90217d51
90249d112
90225d71
90133d32
90206d73
90153d68
90263d36
90253d3
90077d71
90006d7
90331d26
90021d75
90081d124
90024d7
90097d39
90244d49
90440d37
90284d27
90196d65
90107d25
90042d8
90316d15
90098d71
90138d33
90094d33
90219d76
90096d68
90197d11
90031d141
90286d49
90285d20
90147d68
90452d27
90075d95
90022d7
90200d4
90134d32
90449d25
90023d11
90448d35
90022d86
90150d5
90098d150
90345d25
90217d76
90342d30
90004d149
90256d11
90114d77
90138d32
90125d37
90034d70
90220d78
90138d79
90433d17
90009d159
90074d113
90333d24
90069d28
90274d47
90039d12
90349d58
90135d6
90128d29
90230d48
90041d50
90267d11
90316d17
90256d45
90060d40
90322d15
90267d71
90414d52
90127d76
90248d11
90382d30
90398d19
90027d106
90342d15
90074d7
90126d90
90111d57
90416d30
90217d3
90425d27
90005d55
90296d19
90444d35
90216d64
90052d9
90222d54
90132d151
90329d34
90416d25
90104d122
90082d186
90081d192
90248d100
90189d42
90410d17
90337d27
90263d74
90038d11
90153d4
90434d30
90174d27
90244d59
90104d6
90222d76
90069d32
90368d57
90238d3
90130d50
90218d40
90200d54
90453d17
90200d76
90049d92
90206d48
90096d78
90028d103
90024d9
90093d45
90257d26
90454d30
90175d11
90096d67
90287d79
90049d69
90217d73
90274d25
90062d68
90414d40
90021d248
90160d76
90349d60
90068d66
90307d32
90274d22
90154d104
90417d45
90382d20
90368d55
90081d131
90336d28
90165d123
90023d48
90131d29
90005d125
90107d23
90260d99
90134d28
90183d37
90190d65
90126d93
90255d47
90326d18
90081d118
90208d51
90365d20
90119d32
90427d20
90254d42
90070d29
90154d71
90164d137
90155d4
90243d73
90139d28
90265d62
90200d11
90444d20
90347d14
90426d37
90045d1
90054d9
90216d52
90287d87
90285d35
90174d12
90060d31
90363d12
90113d102
90031d143
90165d3
90465d30
90152d44
90208d3
90287d72
90102d22
90287d94
90403d15
90040d55
90253d98
90432d20
90174d19
90076d33
90218d117
90005d158
90153d45
90272d30
90093d31
90190d38
90252d103
90139d154
90038d9
90081d188
90452d15
90021d78
90349d28
90049d138
90206d3
90346d27
90138d114
90294d15
90148d106
90245d37
90257d53
90238d55
90118d62
90425d37
90253d95
90064d68
90061d31
90056d10
90415d32
90321d15
90197d6
90175d66
90281d36
90397d30
90154d73
90019d8
90471d30
90041d32
90038d35
90257d27
90223d3
90074d102
90218d53
90315d15
90217d6
90046d41
90077d69
90125d8
90113d50
90086d45
90252d40
90085d68
90022d243
90074d45
90367d38
90138d64
90164d119
90062d47
90097d191
90041d34
90081d81
90447d30
90425d20
90031d89
90078d43
90156d67
90004d3
90041d74
90288d45
90383d52
90012d9
90275d32
90268d12
90005d93
90161d73
90082d105
90218d111
90388d14
90074d127
90434d32
90085d71
90256d51
90446d42
90206d37
90256d41
90183d70
90463d17
90099d43
90313d22
90019d35
90420d20
90301d37
90104d132
90243d50
90253d47
90218d113
90244d50
90049d68
90197d4
90221d66
90091d68
90473d30
90148d8
90099d106
90341d29
90338d20
90006d3
90259d53
90033d34
90252d77
90460d17
90007d66
90268d27
90446d37
90025d11
90087d43
90279d27
90048d36
90146d106
90431d27
90220d64
90444d22
90171d3
90032d187
90421d40
90053d11
90070d30
90475d15
90263d37
90093d97
90269d35
90170d3
90105d36
90170d37
90220d12
90039d33
90013d9
90231d99
90024d74
90132d111
90108d8
90128d33
90004d12
90025d74
90323d17
90230d97
90265d27
90059d10
90005d46
90219d77
90337d22
90441d35
90044d8
90230d59
90393d32
90330d24
90423d27
90086d33
90037d9
90249d4
90390d14
90064d75
90081d70
90269d49
90418d45
90255d40
90261d38
90290d37
90148d5
90174d55
90124d66
90256d52
90088d68
90266d49
90256d63
90146d68
90135d36
90022d136
90164d41
90022d85
90257d65
90022d50
90118d59
90096d126
90096d199
90198d13
90196d3
90332d48
90059d11
90028d113
90199d49
90138d6
90055d101
90004d35
90154d70
90146d20
90416d40
90349d20
90445d20
90376d17
90424d17
90004d11
90245d27
90032d10
90005d136
90013d4
90313d15
90137d30
90141d68
90004d33
90472d22
90450d25
90133d66
90065d28
90047d32
90231d61
90150d13
90238d58
90304d37
90038d72
90113d35
90315d30
90469d21
90075d80
90430d42
90030d124
90061d57
90281d31
90060d77
90329d29
90121d27
90028d115
90242d30
90315d25
90113d6
90145d29
90398d14
90125d33
90027d35
90051d7
90081d132
90051d75
90014d31
90286d24
90027d103
90431d15
90054d50
90431d40
90298d26
90417d30
90442d36
90056d8
90099d138
90337d14
90064d29
90079d4
90020d10
90257d78
90133d31
90245d50
90263d102
90049d58
90027d74
90449d40
90024d70
90097d193
90081d120
90165d52
90195d46
90097d183
90165d42
90135d5
90076d69
90298d21
90417d15
90252d42
90447d22
90427d31
90148d68
90470d30
90230d73
90082d118
90357d27
90257d64
90164d55
90423d37
90280d17
90367d45
90242d34
90252d41
90329d27
90237d54
90007d8
90466d20
90153d43
90287d32
90255d39
90231d107
90130d5
90014d76
90165d138
90253d100
90387d14
90133d33
90321d30
90048d140
90057d31
90004d86
90293d24
90058d12
90004d136
90007d46
90218d112
90364d13
90021d100
90200d43
90022d248
90231d112
90426d15
90290d32
90098d8
90098d67
90075d68
90410d25
90165d126
90209d24
90097d186
90341d22
90062d43
90105d24
90088d70
90431d32
90307d27
90139d88
90165d4
90055d34
90132d146
90190d39
90174d77
90038d36
90040d31
90265d59
90028d11
90270d53
90047d70
90122d30
90220d39
90252d54
90161d11
90131d30
90131d28
90153d69
90137d36
90445d42
90448d25
90436d40
90432d40
90022d160
90088d71
90252d118
90057d34
90065d29
90184d11
90074d62
90281d51
90443d32
90254d30
90034d9
90099d108
90256d40
90082d153
90054d70
90199d50
90279d22
90230d3
90053d35
90074d61
90208d36
90411d17
90260d112
90419d47
90097d188
90148d98
90313d27
90067d8
90431d35
90243d42
90263d59
90370d29
90432d32
90435d42
90098d69
90195d78
90366d17
90366d27
90291d19
90218d118
90388d27
90286d72
90197d48
90452d42
90154d4
90022d93
90080d43
90208d53
90230d36
90199d27
90349d75
90114d79
90301d35
90184d75
90004d160
90054d75
90445d30
90330d41
90255d6
90249d42
90308d32
90419d32
90219d53
90429d21
90439d37
90334d18
90250d12
90391d25
90221d77
90132d110
90263d18
90449d42
90015d32
90023d1
90197d18
90453d25
90280d52
90425d22
90209d3
90039d10
90253d49
90041d12
90104d24
90096d206
90104d75
90012d8
90223d11
90147d114
90054d7
90297d23
90332d33
90367d28
90248d98
90006d8
90105d4
90036d10
90077d70
90097d196
90007d28
90268d61
90175d39
90030d10
90132d6
90132d113
90068d68
90196d14
90155d7
90287d67
90256d43
90471d22
90390d19
90094d5
90022d219
90200d42
90017d7
90041d8
90030d52
90386d26
90042d35
90263d73
90198d22
90446d20
90049d115
90403d17
90239d49
90216d69
90004d147
90351d26
90047d7
90138d43
90339d25
90184d53
90359d17
90190d19
90075d29
90098d81
90049d113
90376d30
90447d25
90160d72
90262d35
90451d27
90004d157
90097d206
90329d39
90373d22
90238d43
90414d20
90419d15
90075d30
90024d36
90266d26
90075d88
90053d36
90231d104
90131d31
90268d59
90189d39
90216d3
90007d68
90217d26
90285d42
90369d17
90189d41
90078d7
90190d45
90052d8
90245d73
90055d9
90197d35
90104d129
90182d75
90076d98
90094d30
90055d12
90262d61
90433d42
90264d50
90126d33
90010d12
90388d24
90004d106
90038d7
90349d45
90130d57
90099d139
90330d34
90063d66
90078d72
90046d12
90414d27
90066d7
90097d65
90154d29
90222d51
90125d9
90208d4
90097d42
90209d65
90243d37
90153d109
90208d6
90173d18
90006d4
90032d112
90160d53
90105d98
90175d54
90472d25
90229d40
90190d51
90027d101
90222d78
90286d27
90201d37
90198d36
90096d216
90190d52
90451d37
90025d8
90222d3
90104d26
90032d192
90054d47
90034d47
90004d103
90222d12
90365d25
90387d24
90040d33
90266d48
90046d9
90326d15
90196d22
90073d66
90104d127
90097d203
90264d38
90348d55
90197d41
90027d8
90314d25
90435d27
90021d33
90329d12
90170d12
90359d27
90105d52
90160d11
90054d72
90032d35
90268d49
90125d59
90123d29
90249d12
90005d85
90038d31
90028d4
90190d11
90097d201
90195d53
90236d36
90041d4
90415d42
90197d47
90411d50
90028d52
90370d27
90094d8
90021d214
90287d34
90298d11
90446d25
90238d4
90428d22
90007d48
90368d45
90198d35
90243d74
90015d11
90207d20
90182d19
90331d36
90153d98
90426d26
90449d37
90133d9
90285d40
90431d20
90357d12
90248d103
90048d71
90039d32
90375d29
90022d135
90200d45
90027d36
90465d15
90418d22
90033d73
90439d17
90220d74
90376d27
90075d126
90082d187
90244d36
90217d77
90331d16
90122d9
90340d27
90256d54
90351d18
90257d54
90302d37
90189d12
90217d75
90331d23
90071d28
90022d194
90137d29
90245d35
90147d71
90130d33
90130d88
90375d24
90296d39
90131d50
90005d101
90184d63
90376d32
90217d4
90284d17
90070d44
90184d65
90208d63
90257d73
90111d65
90148d108
90443d37
90222d39
90031d11
90093d139
90422d30
90004d121
90363d27
90132d98
90438d32
90265d61
90330d46
90203d26
90007d42
90028d54
90379d17
90446d27
90218d106
90098d32
90304d27
90154d101
90104d8
90228d40
90418d27
90052d35
90049d112
90310d22
90006d51
90130d30
90209d66
90081d155
90130d101
90268d48
90032d128
90164d129
90446d15
90086d68
90093d120
90196d21
90079d70
90054d33
90016d12
90199d68
90089d30
90163d23
90196d59
90198d7
90411d47
90119d31
90256d12
90332d18
90292d30
90280d42
90018d10
90322d25
90346d18
90051d9
90054d95
90341d12
90427d22
90041d9
90258d66
90025d9
90171d49
90244d19
90408d20
90055d111
90063d39
90417d40
90218d116
90122d31
90209d19
90097d41
90229d39
90284d47
90189d18
90402d32
90442d26
90316d30
90132d43
90081d119
90195d3
90133d30
90123d5
90454d20
90465d23
90266d71
90131d113
90217d19
90035d9
90344d28
90374d24
90004d126
90032d182
90263d11
90138d9
90327d20
90108d33
90097d181
90077d45
90077d68
90049d8
90379d20
90005d32
90284d42
90079d71
90081d122
90221d3
90257d70
90343d19
90468d30
90148d71
90048d115
90447d32
90248d35
90034d10
90100d4
90113d34
90306d17
90025d12
90004d36
90072d64
90028d110
90074d114
90148d47
90132d88
90330d36
90238d45
90022d52
90082d155
90052d12
90032d72
90104d64
90063d65
90165d108
90256d42
90269d36
90009d109
90372d17
90242d35
90132d28
90451d22
90064d67
90249d40
90005d1
90428d32
90201d4
90078d44
90135d30
90430d20
90104d21
90440d27
90426d25
90453d42
90274d42
90427d15
90219d12
90048d128
90141d71
90027d54
90285d17
90375d14
90243d36
90008d34
90291d34
90424d20
90064d69
90196d64
90043d7
90411d42
90417d25
90265d26
90150d6
90127d77
90466d30
90208d40
90189d77
90258d52
90472d17
90209d78
90034d51
90040d56
90093d48
90126d92
90122d29
90082d197
90165d136
90164d139
90476d28
90317d30
90220d76
90252d7
90034d8
90263d109
90093d127
90165d12
90453d15
90305d15
90005d149
90005d94
90477d22
90062d67
90299d39
90022d124
90218d77
90079d46
90005d75
90079d5
90242d11
90183d61
90096d40
90107d5
90041d7
90096d63
90099d142
90422d20
90452d20
90201d73
90312d27
90376d20
90074d46
90067d70
90173d39
90125d35
90389d30
90393d27
90098d139
90080d44
90004d122
90417d52
90055d106
90040d51
90222d19
90153d47
90262d27
90005d6
90007d4
90410d27
90223d40
90220d19
90150d8
90042d33
90087d45
90131d6
90376d25
90259d41
90022d214
90054d48
90154d45
90256d4
90400d25
90451d17
90366d25
90170d50
90268d60
90021d146
90154d43
90132d77
90093d90
90377d30
90346d21
90367d23
90248d3
90419d22
90040d36
90095d7
90414d47
90452d37
90414d30
90263d61
90099d75
90320d22
90126d80
90393d17
90231d73
90257d45
90346d11
90023d7
90257d11
90047d71
90075d89
90321d17
90197d49
90053d73
90267d48
90006d29
90438d17
90236d47
90253d36
90262d47
90055d46
90411d22
90322d17
90410d22
90056d70
90021d10
90093d114
90427d30
90075d112
90148d4
90047d10
90323d27
90026d34
90119d6
90032d9
90221d11
90389d23
90056d7
90333d44
90155d67
90337d29
90139d33
90137d28
90244d3
90376d15
90085d70
90189d51
90200d40
90219d11
90243d12
90165d76
90081d193
90155d72
90275d21
90418d15
90248d37
90052d70
90085d67
90355d28
90239d12
90289d13
90334d30
90432d15
90024d11
90353d17
90007d7
90387d17
90130d112
90280d50
90310d32
90126d51
90217d78
90007d44
90004d109
90416d35
90174d46
90145d5
90093d9
90224d78
90279d17
90335d13
90118d31
90004d9
90286d39
90209d42
90190d40
90040d53
90369d22
90367d60
90331d18
90375d20
90268d73
90259d63
90031d200
90219d117
90284d32
90208d7
90249d107
90132d42
90018d8
90441d27
90244d41
90033d71
90312d25
90128d31
90423d25
90447d15
90074d105
90312d17
90053d49
90432d27
90257d4
90024d31
90065d32
90418d52
90154d74
90099d8
90144d68
90005d108
90446d40
90195d41
90043d31
90110d51
90024d10
90082d132
90138d91
90216d78
90024d64
90337d24
90137d31
90104d74
90454d15
90057d32
90153d112
90449d35
90175d12
90295d19
90449d20
90199d64
90104d62
90256d53
90175d75
90443d35
90249d120
90006d1
90199d7
90138d7
90252d39
90473d15
90199d38
90174d67
90054d10
90005d33
90170d49
90416d42
90055d8
90040d5
90154d5
90165d133
90304d42
90097d67
90348d75
90175d78
90027d12
90025d48
90082d85
90054d8
90096d179
90249d122
90466d18
90165d65
90220d40
90135d4
90153d73
90440d42
90474d25
90105d60
90447d40
90231d40
90049d7
90244d38
90255d18
90079d44
90255d48
90175d26
90448d32
90058d31
90035d36
90320d17
90476d15
90340d12
90242d4
90145d30
90449d22
90304d40
90441d17
90463d15
90199d19
90236d46
90015d36
90016d10
90230d50
90317d17
90023d34
90118d32
90004d4
90111d23
90005d127
90097d124
90014d33
90067d29
90472d20
90064d32
90433d20
90254d4
90007d1
90199d61
90164d54
90199d75
90189d4
90426d42
90315d22
90042d11
90229d4
90203d74
90289d50
90356d27
90048d126
90098d82
90096d39
90171d38
90258d11
90242d44
90329d37
90049d76
90304d22
90287d74
90332d13
90419d25
90047d50
90085d33
90056d35
90375d19
90268d37
90254d45
90284d40
90046d40
90217d64
90032d12
90395d17
90079d67
90275d24
90148d43
90052d7
90452d40
90081d117
90104d96
90165d40
90039d9
90098d114
90017d10
90096d125
90301d22
90333d12
90058d33
90075d45
90328d18
90287d84
90111d22
90474d15
90189d63
90052d47
90236d49
90369d27
90133d76
90356d19
90450d15
90025d69
90220d11
90027d116
90004d31
90015d8
90261d102
90174d54
90027d11
90054d31
90153d76
90368d27
90197d59
90411d37
90024d35
90174d4
90066d31
90327d15
90390d26
90148d103
90174d42
90367d55
90427d26
90005d34
90105d6
90196d41
90113d88
90209d12
90035d7
90019d33
90244d71
90022d233
90275d27
90146d8
90099d71
90286d79
90292d25
90130d51
90252d101
90248d102
90037d11
90080d71
90088d69
90423d15
90268d50
90292d40
90004d148
90026d31
90262d11
90253d12
90086d66
90286d89
90081d181
90196d35
90097d178
90114d37
90039d7
90005d2
90184d54
90062d44
90285d25
90104d23
90249d106
90274d45
90353d27
90050d10
90293d39
90230d4
90005d8
90131d32
90101d4
90190d26
90387d22
90245d38
90202d11
90248d88
90257d63
90471d15
90322d20
90055d33
90021d86
90037d10
90372d19
90113d5
90004d94
90312d22
90447d37
90305d32
90138d92
90245d11
90293d34
90005d156
90125d4
90262d74
90310d20
90060d35
90439d27
90201d48
90099d68
90098d142
90445d37
90097d77
90065d65
90097d8
90064d76
90449d27
90198d47
90395d25
90262d99
90096d7
90160d64
90004d152
90007d9
90019d34
90446d32
90369d24
90330d44
90005d10
90075d115
90190d64
90444d37
90025d7
90262d50
90154d69
90138d78
90046d35
90071d7
90332d15
90056d46
90101d30
90091d72
90357d24
90238d42
90007d11
90028d12
90328d20
90410d45
90243d60
90414d42
90024d12
90344d23
90442d29
90175d42
90269d47
90126d57
90457d40
90105d7
90334d20
90280d32
90125d74
90268d11
90161d68
90352d19
90054d105
90122d32
90269d26
90431d17
90384d29
90099d136
90184d18
90057d11
90174d64
90152d68
90357d17
90054d107
90217d53
90052d72
90163d67
90165d113
90330d14
90257d40
90417d32
90054d12
90334d23
90023d75
90199d39
90330d26
90107d22
90201d38
90057d8
90375d21
90126d4
90338d30
90079d45
90237d41
90347d24
90025d51
90370d24
90086d5
90310d17
90147d44
90282d45
90184d3
90472d27
90146d108
90034d33
90025d1
90052d46
90041d11
90021d85
90266d73
90206d11
90190d50
90310d27
90453d27
90198d31
90021d220
90238d33
90017d9
90340d17
90148d46
90071d67
90082d119
90199d12
90156d71
90354d28
90358d26
90133d87
90098d149
90243d27
90201d47
90317d32
90206d61
90335d20
90286d92
90209d76
90257d18
90435d37
90022d33
90010d54
90326d23
90163d54
90171d48
90220d52
90217d52
90347d29
90164d77
90009d101
90361d23
90224d77
90093d140
90053d31
90422d15
90364d25
90082d154
90105d126
90076d4
90306d15
90425d17
90030d11
90025d49
90222d40
90154d99
90367d33
90130d42
90472d15
90285d22
90440d25
90086d4
90287d24
90059d75
90427d32
90357d22
90138d77
90153d114
90324d32
90255d12
90364d28
90099d47
90004d100
90035d34
90099d120
90004d32
90007d12
90133d7
90175d40
90346d13
90082d131
90053d72
90156d68
90105d3
90286d69
90097d148
90096d128
90224d51
90252d51
90197d72
90054d97
90067d68
90054d110
90345d20
90132d8
90124d71
90258d41
90423d17
90139d149
90096d64
90290d22
90298d33
90039d35
90042d31
90101d5
90249d64
90138d31
90059d12
90090d70
90068d67
90340d22
90128d32
90369d12
90417d50
90056d12
90190d77
90330d29
90093d81
90141d45
90447d20
90196d62
90231d59
90048d8
90174d52
90403d25
90093d152
90093d151
90315d32
90196d40
90197d62
90052d32
90351d13
90231d48
90200d52
90032d114
90238d12
90025d73
90245d4
90139d129
90006d49
90197d64
90299d34
90065d30
90093d128
90008d35
90289d45
90372d14
90384d52
90261d97
90222d52
90339d15
90086d6
90228d42
90395d30
90126d103
90096d42
90198d14
90005d157
90017d35
90434d22
90036d35
90105d20
90086d67
90171d35
90085d30
90455d35
90061d56
90305d37
90183d19
90096d4
90304d20
90109d33
90125d72
90080d68
90263d48
90260d104
90242d31
90252d106
90304d15
90326d20
90416d27
90075d33
90426d20
90463d22
90244d47
90223d4
90217d80
90054d74
90332d45
90230d102
90317d25
90054d4
90014d12
90095d32
90257d46
90025d72
90221d12
90004d158
90395d15
90074d77
90125d57
90039d34
90148d69
90019d31
90195d42
90285d27
90165d51
90249d53
90133d5
90004d123
90021d35
90245d6
90445d27
90388d29
90154d77
90217d40
90043d10
90013d7
90216d75
90081d198
90333d29
90147d70
90262d73
90198d34
90075d114
90427d42
90104d3
90075d127
90207d21
90064d74
90036d9
90035d11
90104d30
90154d75
90098d70
90348d70
90458d17
90171d73
90138d56
90243d71
90239d50
90071d29
90030d55
90314d15
90258d54
90148d9
90173d17
90434d17
90196d37
90091d69
90217d39
90051d8
90026d9
90243d47
90260d109
90031d118
90094d29
90154d67
90147d4
90446d22
90070d70
90093d67
90207d33
90362d22
90079d68
90267d38
90471d20
90030d9
90237d51
90153d29
90164d102
90024d68
90042d12
90015d9
90049d11
90097d62
90363d19
90248d93
90207d23
90305d30
90330d21
90012d36
90153d6
90071d4
90313d32
90356d29
90294d40
90236d12
90022d134
90199d76
90047d9
90199d18
90027d9
90025d70
90032d8
90250d3
90105d44
90394d27
90014d74
90352d24
90065d70
90027d113
90209d26
90022d158
90231d35
90005d89
90098d115
90029d160
90372d29
90382d18
90411d52
90221d54
90334d25
90397d15
90132d57
90125d5
90253d46
90021d243
90433d30
90415d45
90048d127
90441d42
90072d27
90163d76
90274d17
90426d32
90286d47
90196d4
90034d12
90127d45
90376d21
90380d29
90062d70
90322d30
90099d98
90326d13
90171d59
90125d31
90286d87
90200d12
90138d101
90375d26
90287d22
90249d105
90223d27
90332d40
90230d38
90258d4
90080d70
90219d52
90096d8
90014d34
90153d44
90082d89
90262d3
90081d143
90361d28
90308d22
90261d35
90028d108
90053d75
90058d8
90364d30
90022d204
90383d55
90370d22
90327d13
90153d8
90317d27
90145d9
90270d21
90053d8
90031d190
90082d104
90067d67
90059d31
90430d22
90163d65
90242d6
90199d74
90367d53
90421d45
90243d72
90079d43
90430d27
90124d7
90332d25
90321d25
90304d32
90130d6
90148d70
90096d65
90416d45
90218d107
90199d63
90165d131
90066d42
90349d18
90063d64
90054d71
90267d37
90336d13
90005d123
90218d78
90151d69
90320d27
90081d69
90230d37
90190d63
90436d37
90141d67
90368d37
90466d13
90298d13
90005d148
90440d30
90067d5
90328d13
90006d30
90333d34
90145d6
90253d40
90353d22
90031d10
90418d32
90280d15
90195d40
90094d31
90124d28
90244d42
90148d72
90208d41
90093d115
90034d35
90244d48
90024d50
90465d18
90352d14
90147d67
90414d15
90131d89
90153d107
90038d34
90007d69
90264d19
90022d53
90319d27
90245d74
90132d33
90219d42
90351d23
90217d12
90314d17
90252d12
90005d7
90237d11
90133d74
90189d40
90153d70
90055d35
90005d124
90284d30
90147d104
90043d9
90268d36
90099d48
90305d25
90287d82
90025d4
90022d36
90031d97
90254d32
90464d25
90075d43
90464d17
90041d51
90150d7
90031d144
90081d142
90175d52
90269d72
90032d197
90048d72
90256d76
90100d33
90175d41
90082d207
90197d42
90093d29
90059d8
90404d32
90118d33
90022d148
90397d32
90175d76
90135d33
90055d11
90440d20
90110d24
90132d144
90184d72
90218d51
90007d72
90422d35
90257d75
90427d21
90081d43
90139d30
90305d20
90039d11
90075d44
90160d78
90016d11
90354d23
90424d32
90054d11
90250d34
90096d181
90082d70
90196d34
90154d6
90023d9
90243d35
90221d75
90154d106
90394d20
90051d11
90197d74
90098d151
90286d74
90347d12
90014d9
90265d3
90248d105
90422d25
90201d12
90294d28
90004d50
90195d44
90426d21
90005d151
90055d10
90430d37
90248d4
90130d7
90177d63
90032d172
90047d8
90005d126
90113d65
90184d51
90273d20
90298d23
90125d12
90068d47
90048d75
90075d151
90411d45
90413d50
90022d12
90417d20
90189d52
90426d16
90018d31
90299d29
90122d4
90222d4
90153d7
90476d24
90198d46
90025d71
90105d28
90230d107
90032d82
90024d46
90133d65
90253d34
90031d90
90096d66
90087d68
90030d109
90189d53
90280d22
90082d120
90080d66
90275d43
90004d151
90451d42
90443d17
90443d22
90259d40
90132d76
90200d77
90082d192
90175d77
90418d30
90054d51
90175d53
90329d47
90074d83
90082d46
90331d13
90113d42
90034d36
90005d78
90141d72
90055d31
90287d69
90021d133
90130d9
90099d82
90421d20
90160d24
90174d66
90251d35
90425d32
90034d34
90338d25
90342d23
90022d32
90389d28
90031d8
90174d53
90374d22
90244d12
90153d71
90071d32
90434d37
90056d75
90097d126
90202d12
90221d4
90079d6
90440d17
90221d19
90081d48
90130d89
90132d58
90055d47
90313d25
90447d27
90262d97
90164d114
90262d12
90018d36
90004d85
90455d15
90005d51
90256d39
90064d31
90306d27
90263d97
90367d50
90099d109
90347d27
90196d6
90196d38
90164d40
90105d29
90127d59
90049d60
90127d29
90061d35
90105d75
90223d41
90049d137
90153d48
90175d3
90195d64
90195d75
90267d74
90423d22
90304d25
90034d73
90053d71
90243d59
90352d16
90249d115
90045d12
90426d27
90174d3
90262d18
90097d76
90170d26
90164d52
90452d30
90170d36
90329d24
90105d74
90332d30
90033d8
90120d33
90005d145
90005d134
90364d20
90265d72
90239d59
90154d44
90198d54
90041d36
90441d40
90452d25
90154d32
90005d152
90099d112
90463d27
90348d45
90441d20
90198d61
90409d17
90088d47
90252d45
90154d27
90004d127
90082d30
90118d67
90032d118
90363d14
90289d48
90402d17
90100d31
90153d11
90333d19
90453d37
90088d43
90242d32
90332d28
90244d18
90266d74
90218d103
90164d109
90408d25
90363d24
90305d40
90408d32
90007d27
90175d27
90305d27
90244d39
90093d47
90155d70
90305d22
90030d51
90095d29
90231d114
90195d25
90339d20
90216d76
90007d29
90216d45
90014d32
90131d33
90060d38
90397d25
90219d100
90046d74
90230d60
90097d4
90199d3
90339d30
90390d16
90137d37
90055d32
90251d49
90259d12
90471d17
90273d45
90081d33
90098d4
90318d27
90422d22
90410d35
90021d11
90209d40
90331d33
90130d86
90333d37
90005d150
90111d26
90376d31
90248d12
90099d121
90284d16
90475d30
90028d10
90332d43
90349d68
90093d82
90005d88
90006d52
90231d71
90200d53
90243d6
90349d43
90306d25
90381d16
90278d50
90005d130
90363d22
90184d78
90443d40
90022d146
90268d47
90416d50
90252d78
90035d35
90005d146
90096d209
90257d3
90033d74
90174d26
90075d113
90216d77
90133d8
90111d25
90455d27
90402d30
90052d73
90011d11
90220d51
90035d79
90245d47
90048d114
90256d46
90038d10
90027d108
90125d11
90075d150
90105d51
90132d51
90353d12
90022d101
90138d51
90028d100
90221d65
90082d205
90097d211
90088d44
90163d52
90303d30
90086d8
90031d142
90306d30
90132d87
90245d39
90327d18
90040d12
90248d46
90113d77
90249d11
90062d71
90096d6
90111d21
90473d20
90416d15
90239d36
90257d7
90448d22
90154d8
90342d13
90201d49
90040d1
90131d112
90263d35
90133d153
90109d28
90299d14
90411d30
90272d21
90288d35
90231d102
90208d34
90052d10
90165d111
90438d27
90266d11
90165d54
90031d156
90007d30
90209d18
90284d22
90096d5
90441d37
90432d30
90445d35
90114d78
90099d143
90075d81
90224d41
90081d71
90284d52
90164d78
90048d9
90331d38
90081d208
90206d71
90278d52
90164d66
90107d7
90252d4
90388d17
90005d86
90046d33
90182d12
90201d11
90048d89
90430d32
90082d195
90007d10
90081d45
90242d37
90408d17
90041d10
90081d207
90267d12
90281d26
90119d61
90165d77
90238d32
90451d35
90034d7
90005d52
90318d17
90024d65
90433d32
90036d11
90216d40
90249d3
90124d73
90428d37
90104d73
90160d19
90097d198
90005d133
90154d105
90330d31
90281d56
90231d50
90272d16
90007d63
90418d20
90138d113
90304d30
90029d7
90049d114
90449d17
90110d25
90197d70
90470d15
90118d7
90023d36
90290d27
90028d9
90126d102
90343d27
90052d34
90089d32
90439d32
90274d37
90098d116
90005d3
90096d25
90154d95
90061d58
90243d11
90041d47
90080d29
90098d125
90447d17
90132d31
90441d22
90097d66
90124d56
90207d32
90273d40
90125d28
90004d146
90375d16
90042d10
90005d35
90264d72
90051d12
90242d42
90202d50
90268d38
90174d41
90125d13
90315d20
90105d63
90410d50
90093d71
90219d40
90131d4
90457d30
90079d48
90132d7
90009d160
90451d20
90285d15
90077d67
90221d40
90027d33
90404d27
90164d122
90368d32
90257d66
90148d67
90280d30
90034d71
90416d37
90175d51
90051d36
90238d44
90082d202
90263d38
90271d44
90093d68
90452d32
90111d62
90007d32
90270d23
90221d42
90286d77
90366d22
90474d27
90086d70
90027d118
90125d69
90359d22
90132d32
90054d35
90308d17
90097d149
90208d38
90195d71
90163d78
90359d12
90107d4
90082d129
90082d200
90104d72
90055d7
90399d15
90165d118
90038d8
90362d27
90195d4
90299d24
90128d28
90127d78
90005d128
90127d51
90047d11
90197d37
90345d15
90439d20
90252d113
90007d47
90097d114
90207d22
90284d35
90305d17
90164d117
90219d50
90265d47
90053d12
90266d35
90352d31
90220d26
90284d31
90135d31
90044d10
90328d42
90075d125
90341d17
90217d44
90104d61
90263d19
90025d46
90055d109
90299d17
90055d71
90220d53
90013d8
90021d93
90431d30
90130d43
90005d109
90433d37
90190d62
90236d48
90031d130
90426d17
90094d9
90059d9
90165d106
90059d35
90454d35
90268d4
90099d69
90268d35
90314d30
90304d17
90400d30
90052d11
90430d30
90209d39
90148d44
90356d17
90432d42
90442d15
90285d45
90097d43
90119d28
90097d146
90126d104
90074d69
90148d96
90183d68
90209d52
90248d90
90197d19
90005d147
90330d39
90436d15
90147d99
90010d52
90071d121
90074d115
90154d30
90223d42
90262d72
90153d108
90220d4
90030d8
90175d18
90331d31
90025d36
90200d27
90025d75
90006d9
90176d12
90369d19
90024d34
90424d22
90189d54
90249d63
90264d60
90374d19
90053d34
90219d112
90153d14
90006d33
90079d9
90153d32
90460d22
90151d67
90081d206
90349d63
90048d125
90093d137
90263d99
90004d124
90016d8
90231d97
90209d54
90428d42
90152d71
90053d43
90023d74
90113d75
90067d72
90045d10
90264d61
90292d20
90097d68
90098d9
90261d109
90266d6
90131d75
90098d29
90074d42
90027d10
90087d69
90209d63
90446d35
90297d20
90263d49
90081d9
90154d28
90200d78
90337d19
90151d72
90096d189
90087d65
90216d54
90218d26
90319d22
90474d22
90132d4
90316d20
90248d48
90221d27
90285d50
90171d7
90130d113
90165d101
90119d35
90093d89
90435d32
90284d37
90098d126
90081d123
90197d12
90098d33
90296d14
90220d41
90266d4
90436d25
90067d69
90046d34
90451d30
90355d23
90038d74
90081d105
90199d73
90160d75
90410d30
90147d102
90216d53
90457d35
90004d134
90076d30
90231d36
90123d7
90309d32
90005d53
90296d24
90098d127
90138d162
90146d111
90440d15
90034d11
90244d62
90329d14
90164d11
90344d14
90017d8
90132d86
90220d63
90081d6
90138d90
90267d3
90290d45
90472d30
90196d39
90025d31
90074d103
90154d12
90364d15
90043d8
90015d12
90138d169
90063d63
90356d14
90335d30
90171d11
90147d69
90280d47
90074d65
90077d43
90452d22
90442d31
90052d50
90244d61
90243d48
90225d72
90352d21
90041d46
90254d56
90006d2
90021d233
90075d70
90470d20
90430d25
90113d4
90170d73
90221d51
90061d34
90007d45
90388d22
90286d82
90196d7
90004d108
90430d15
90265d18
90038d33
90253d48
90427d17
90164d107
90242d18
90138d50
90043d33
90104d37
90126d30
90296d29
90086d31
90144d44
90082d123
90004d125
90055d74
90041d49
90131d7
90273d30
90027d31
90379d25
90114d102
90195d43
90243d3
90252d53
90271d14
90286d94
90006d28
90274d27
90358d19
90267d36
90286d59
90131d77
90416d20
90035d31
90053d7
90310d25
90093d125
90286d67
90195d26
90072d65
90329d42
90289d15
90281d46
90302d22
90253d90
90465d20
90228d78
90053d33
90156d72
90432d35
90195d11
90257d41
90096d92
90025d50
90109d32
90255d11
90075d148
90104d4
90170d35
90106d21
90275d30
90079d47
90351d28
90130d87
90076d63
90370d19
90119d56
90062d46
90098d113
90028d51
90383d47
90012d11
90020d12
90078d70
90006d75
90067d4
90237d12
90154d72
90464d20
90082d130
90443d27
90321d27
90024d33
90007d31
90049d127
90154d68
90076d65
90248d34
90281d21
90148d113
90367d36
90081d44
90027d111
90196d18
90096d116
90160d12
90086d69
90200d3
90007d5
90387d12
90025d33
90086d71
90135d29
90155d8
90287d92
90421d35
90285d37
90031d205
90153d9
90062d66
90035d10
90137d32
90219d102
90042d34
90171d74
90217d71
90147d72
90056d3
90368d50
90271d24
90041d48
90132d149
90343d14
90220d3
90258d19
90132d5
90024d32
90419d42
90223d75
90463d30
90264d18
90101d94
90124d31
90061d24
90006d32
90172d40
90111d24
90049d10
90270d43
90425d35
90127d44
90259d11
90054d46
90435d17
90274d40
90414d50
90017d12
90196d36
90132d101
90134d31
90249d39
90040d8
90164d79
90032d73
90060d37
90255d7
90201d70
90105d62
90005d160
90206d18
90256d3
90261d112
90403d22
90374d27
90420d40
90062d30
90397d20
90025d34
90098d72
90218d108
90197d38
90218d75
90394d17
90055d49
90030d108
90243d49
90422d40
90314d22
90093d30
90055d50
90068d48
90059d33
90448d20
90081d14
90291d29
90221d52
90014d75
90414d25
90163d53
90222d26
90445d15
90053d70
90147d112
90087d29
90309d17
90216d12
90245d41
90414d32
90257d39
90223d53
90006d5
90203d73
90411d27
90025d47
90004d54
90105d86
90220d42
90302d40
90357d29
90423d30
90093d44
90251d48
90349d73
90284d15
90291d24
90364d18
90145d7
90245d48
90005d121
90031d96
90005d31
90087d42
90348d65
90218d11
90139d29
90287d47
90004d2
90064d33
90190d53
90082d90
90049d100
90219d105
90230d74
90098d137
90443d15
90130d29
90007d73
90253d88
90079d69
90101d7
90245d71
90220d54
90105d61
90242d45
90237d53
90046d50
90079d7
90329d22
90005d5
90043d12
90327d25
90101d9
90219d110
90199d62
